======================================
Matrix is:
     [,1] [,2] [,3] [,4] [,5]
[1,]    9    3    2    0    7
[2,]    7    6    9    6    4
[3,]    2    7    7    8    2
[4,]    0    9    7    2    2
[5,]    7    3    6    4    3

B is:
[1] 35 58 53 37 39

L is:
          [,1]       [,2]      [,3]       [,4] [,5]
[1,] 1.0000000 0.00000000 0.0000000  0.0000000    0
[2,] 0.0000000 1.00000000 0.0000000  0.0000000    0
[3,] 0.7777778 0.40740741 1.0000000  0.0000000    0
[4,] 0.2222222 0.70370370 0.3548387  1.0000000    0
[5,] 0.7777778 0.07407407 0.8548387 -0.1221719    1

U is:
     [,1] [,2]     [,3]     [,4]       [,5]
[1,]    9    3 2.000000 0.000000  7.0000000
[2,]    0    9 7.000000 2.000000  2.0000000
[3,]    0    0 4.592593 5.185185 -2.2592593
[4,]    0    0 0.000000 4.752688 -0.1612903
[5,]    0    0 0.000000 0.000000 -0.6809955

LU is:
     [,1] [,2] [,3] [,4] [,5]
[1,]    9    3    2    0    7
[2,]    0    9    7    2    2
[3,]    7    6    9    6    4
[4,]    2    7    7    8    2
[5,]    7    3    6    4    3

P is:
     [,1] [,2] [,3] [,4] [,5]
[1,]    1    0    0    0    0
[2,]    0    0    0    1    0
[3,]    0    1    0    0    0
[4,]    0    0    1    0    0
[5,]    0    0    0    0    1

PA (should equal LU) is:
     [,1] [,2] [,3] [,4] [,5]
[1,]    9    3    2    0    7
[2,]    0    9    7    2    2
[3,]    7    6    9    6    4
[4,]    2    7    7    8    2
[5,]    7    3    6    4    3

c is:
[1] 35.000000 37.000000 15.703704 13.612903 -2.723982

and x is:
[1] 0 1 2 3 4

======================================
======================================
Matrix is:
          [,1]      [,2]      [,3]      [,4]      [,5]
[1,] 1.0000000 0.5000000 0.3333333 0.2500000 0.2000000
[2,] 0.5000000 0.3333333 0.2500000 0.2000000 0.1666667
[3,] 0.3333333 0.2500000 0.2000000 0.1666667 0.1428571
[4,] 0.2500000 0.2000000 0.1666667 0.1428571 0.1250000
[5,] 0.2000000 0.1666667 0.1428571 0.1250000 0.1111111

B is:
[1] 5.000000 3.550000 2.814286 2.346429 2.017460

L is:
          [,1] [,2]       [,3] [,4] [,5]
[1,] 1.0000000  0.0  0.0000000  0.0    0
[2,] 0.3333333  1.0  0.0000000  0.0    0
[3,] 0.5000000  1.0  1.0000000  0.0    0
[4,] 0.2000000  0.8 -0.9142857  1.0    0
[5,] 0.2500000  0.9 -0.6000000  0.5    1

U is:
     [,1]       [,2]         [,3]          [,4]          [,5]
[1,]    1 0.50000000  0.333333333  0.2500000000  2.000000e-01
[2,]    0 0.08333333  0.088888889  0.0833333333  7.619048e-02
[3,]    0 0.00000000 -0.005555556 -0.0083333333 -9.523810e-03
[4,]    0 0.00000000  0.000000000  0.0007142857  1.451247e-03
[5,]    0 0.00000000  0.000000000  0.0000000000 -1.133787e-05

LU is:
          [,1]      [,2]      [,3]      [,4]      [,5]
[1,] 1.0000000 0.5000000 0.3333333 0.2500000 0.2000000
[2,] 0.3333333 0.2500000 0.2000000 0.1666667 0.1428571
[3,] 0.5000000 0.3333333 0.2500000 0.2000000 0.1666667
[4,] 0.2000000 0.1666667 0.1428571 0.1250000 0.1111111
[5,] 0.2500000 0.2000000 0.1666667 0.1428571 0.1250000

P is:
     [,1] [,2] [,3] [,4] [,5]
[1,]    1    0    0    0    0
[2,]    0    0    1    0    0
[3,]    0    1    0    0    0
[4,]    0    0    0    0    1
[5,]    0    0    0    1    0

PA (should equal LU) is:
          [,1]      [,2]      [,3]      [,4]      [,5]
[1,] 1.0000000 0.5000000 0.3333333 0.2500000 0.2000000
[2,] 0.3333333 0.2500000 0.2000000 0.1666667 0.1428571
[3,] 0.5000000 0.3333333 0.2500000 0.2000000 0.1666667
[4,] 0.2000000 0.1666667 0.1428571 0.1250000 0.1111111
[5,] 0.2500000 0.2000000 0.1666667 0.1428571 0.1250000

c is:
[1]  5.000000e+00  1.147619e+00 -9.761905e-02  1.011338e-02 -5.668934e-05

and x is:
[1] 1 2 3 4 5

======================================
======================================
Matrix is:
     [,1] [,2] [,3] [,4] [,5]
[1,]    1   -4    0    0    0
[2,]    4    1   -4    0    0
[3,]    0    4    1   -4    0
[4,]    0    0    4    1   -4
[5,]    0    0    0    4    1

B is:
[1] -4 -7 -6 -5 16

L is:
     [,1]       [,2]      [,3]       [,4] [,5]
[1,] 1.00  0.0000000 0.0000000  0.0000000    0
[2,] 0.25  1.0000000 0.0000000  0.0000000    0
[3,] 0.00  0.0000000 1.0000000  0.0000000    0
[4,] 0.00 -0.9411765 0.4852941  1.0000000    0
[5,] 0.00  0.0000000 0.0000000 -0.8918033    1

U is:
     [,1]  [,2] [,3]      [,4]      [,5]
[1,]    4  1.00   -4  0.000000  0.000000
[2,]    0 -4.25    1  0.000000  0.000000
[3,]    0  0.00    4  1.000000 -4.000000
[4,]    0  0.00    0 -4.485294  1.941176
[5,]    0  0.00    0  0.000000  2.731148

LU is:
     [,1] [,2] [,3] [,4] [,5]
[1,]    4    1   -4    0    0
[2,]    1   -4    0    0    0
[3,]    0    0    4    1   -4
[4,]    0    4    1   -4    0
[5,]    0    0    0    4    1

P is:
     [,1] [,2] [,3] [,4] [,5]
[1,]    0    1    0    0    0
[2,]    1    0    0    0    0
[3,]    0    0    0    1    0
[4,]    0    0    1    0    0
[5,]    0    0    0    0    1

PA (should equal LU) is:
     [,1] [,2] [,3] [,4] [,5]
[1,]    4    1   -4    0    0
[2,]    1   -4    0    0    0
[3,]    0    0    4    1   -4
[4,]    0    4    1   -4    0
[5,]    0    0    0    4    1

c is:
[1] -7.000000 -2.250000 -5.000000 -5.691176 10.924590

and x is:
[1] 0 1 2 3 4

======================================

